Test set  0 :
False
z
[4.92679202e-16 1.69553629e-17 2.18010176e-11 8.11129931e-15
 2.74215600e-13 3.29102430e-18 5.04551090e-17 6.84265405e-12
 7.16985014e-08 5.63717649e-12 1.39520091e-15 2.77958094e-07
 2.25138873e-21 1.25001859e-18 8.72532890e-21 1.11858880e-16
 1.42097598e-10 1.74074459e-13 2.70454791e-14 2.50054111e-09
 1.57345084e-13 4.18858749e-19 2.01352305e-16 1.54906925e-12
 4.20330437e-12 6.82627976e-01 6.27127850e-10 2.93271592e-13
 9.59142835e-12 2.29363935e-14 1.55272230e-16 1.86477092e-12
 7.39288586e-09 1.99976559e-18 5.17406095e-15 4.94183374e-15
 9.43313963e-14 2.01323684e-18 7.52698278e-14 3.67032644e-17
 1.43100554e-08 2.09347937e-14 5.84103824e-14 1.10857606e-07
 2.00204218e-16 6.19683798e-16 1.59302514e-20 1.71120226e-17
 2.68404760e-11 4.52087830e-13 8.76167747e-15 9.90076337e-12
 2.41659415e-14 1.67320837e-17 4.92894107e-21 4.44388368e-13
 1.00047292e-12 3.17371577e-01]

Test set  1 :
True
y
[1.2676731e-15 1.1713011e-16 1.1107052e-17 4.9533975e-14 2.6439995e-18
 1.8477732e-12 4.4436238e-16 1.1739182e-12 6.8733984e-11 1.8999215e-06
 2.8346042e-20 1.1412166e-13 8.9701553e-12 3.8409011e-12 2.1133608e-16
 2.7522238e-12 1.1783181e-18 3.6858762e-23 1.6629955e-06 4.2442889e-11
 6.9355528e-12 3.1215129e-07 1.2892735e-10 8.0041522e-11 7.0790574e-03
 5.5798740e-15 2.2477382e-17 7.5917239e-10 5.4168340e-04 1.0065648e-21
 4.6158329e-14 1.6261240e-14 3.3181295e-17 8.7773273e-17 9.8357664e-17
 3.4812339e-16 4.6373726e-18 2.1998624e-16 1.1653466e-09 3.2960809e-15
 2.0462505e-12 5.0889543e-10 3.7801210e-19 4.2205919e-09 8.8497844e-16
 1.3453275e-14 1.7445018e-12 1.0208546e-18 2.1452581e-12 8.7978136e-16
 3.8792876e-09 1.7936133e-16 8.9071960e-15 1.7774390e-06 1.2515894e-13
 1.9249347e-08 9.9237353e-01 3.0016997e-15]
